,Layer_1,Layer_2,Layer_3,Accuracy_Train,Accuracy_Validation,Accuracy_Train_WL,Accuracy_Validation_WL,Accuracy_Train_BO,Accuracy_Validation_BO
0,3,3,3,0.126984127,0.111111111,0.465608466,0.428571429,0.867724868,0.894179894
1,3,3,6,0.354497354,0.185185185,0.703703704,0.592592593,0.835978836,0.814814815
2,3,3,9,0.428571429,0.19047619,0.735449735,0.587301587,0.846560847,0.883597884
3,3,3,12,0.338624339,0.19047619,0.746031746,0.576719577,0.862433862,0.878306878
4,3,3,15,0.206349206,0.185185185,0.529100529,0.571428571,0.867724868,0.894179894
5,3,6,3,0.386243386,0.185185185,0.735449735,0.566137566,0.851851852,0.867724868
6,3,6,6,0.349206349,0.211640212,0.708994709,0.597883598,0.857142857,0.888888889
7,3,6,9,0.211640212,0.185185185,0.534391534,0.571428571,0.867724868,0.894179894
8,3,6,12,0.417989418,0.164021164,0.793650794,0.603174603,0.825396825,0.793650794
9,3,6,15,0.518518519,0.169312169,0.798941799,0.53968254,0.857142857,0.814814815
10,3,9,3,0.322751323,0.232804233,0.703703704,0.608465608,0.857142857,0.888888889
11,3,9,6,0.349206349,0.158730159,0.693121693,0.571428571,0.835978836,0.878306878
12,3,9,9,0.354497354,0.174603175,0.687830688,0.587301587,0.846560847,0.857142857
13,3,9,12,0.53968254,0.142857143,0.783068783,0.544973545,0.835978836,0.835978836
14,3,9,15,0.502645503,0.169312169,0.767195767,0.619047619,0.830687831,0.862433862
15,3,12,3,0.391534392,0.238095238,0.735449735,0.603174603,0.878306878,0.878306878
16,3,12,6,0.153439153,0.158730159,0.465608466,0.428571429,0.867724868,0.894179894
17,3,12,9,0.317460317,0.201058201,0.703703704,0.571428571,0.862433862,0.873015873
18,3,12,12,0.338624339,0.185185185,0.698412698,0.592592593,0.857142857,0.878306878
19,3,12,15,0.502645503,0.164021164,0.735449735,0.507936508,0.873015873,0.841269841
20,3,15,3,0.328042328,0.158730159,0.687830688,0.518518519,0.862433862,0.873015873
21,3,15,6,0.211640212,0.185185185,0.534391534,0.571428571,0.867724868,0.894179894
22,3,15,9,0.529100529,0.174603175,0.761904762,0.502645503,0.878306878,0.830687831
23,3,15,12,0.211640212,0.185185185,0.534391534,0.571428571,0.867724868,0.894179894
24,3,15,15,0.592592593,0.19047619,0.793650794,0.608465608,0.899470899,0.851851852
25,6,3,3,0.317460317,0.195767196,0.73015873,0.55026455,0.862433862,0.867724868
26,6,3,6,0.306878307,0.195767196,0.735449735,0.518518519,0.867724868,0.894179894
27,6,3,9,0.322751323,0.201058201,0.724867725,0.55026455,0.867724868,0.894179894
28,6,3,12,0.35978836,0.17989418,0.677248677,0.566137566,0.835978836,0.835978836
29,6,3,15,0.312169312,0.216931217,0.687830688,0.582010582,0.857142857,0.894179894
30,6,6,3,0.444444444,0.153439153,0.777777778,0.518518519,0.846560847,0.894179894
31,6,6,6,0.386243386,0.201058201,0.73015873,0.53968254,0.873015873,0.894179894
32,6,6,9,0.486772487,0.19047619,0.693121693,0.603174603,0.883597884,0.80952381
33,6,6,12,0.328042328,0.19047619,0.693121693,0.566137566,0.857142857,0.867724868
34,6,6,15,0.608465608,0.174603175,0.798941799,0.53968254,0.936507937,0.825396825
35,6,9,3,0.28042328,0.19047619,0.671957672,0.555555556,0.841269841,0.883597884
36,6,9,6,0.592592593,0.158730159,0.798941799,0.534391534,0.904761905,0.825396825
37,6,9,9,0.529100529,0.126984127,0.735449735,0.555555556,0.878306878,0.798941799
38,6,9,12,0.365079365,0.19047619,0.740740741,0.582010582,0.857142857,0.841269841
39,6,9,15,0.407407407,0.19047619,0.746031746,0.597883598,0.862433862,0.846560847
40,6,12,3,0.412698413,0.164021164,0.708994709,0.53968254,0.873015873,0.862433862
41,6,12,6,0.523809524,0.153439153,0.746031746,0.571428571,0.899470899,0.825396825
42,6,12,9,0.529100529,0.201058201,0.835978836,0.571428571,0.873015873,0.846560847
43,6,12,12,0.592592593,0.126984127,0.783068783,0.492063492,0.873015873,0.846560847
44,6,12,15,0.671957672,0.174603175,0.835978836,0.613756614,0.91005291,0.788359788
45,6,15,3,0.465608466,0.211640212,0.793650794,0.592592593,0.888888889,0.873015873
46,6,15,6,0.560846561,0.126984127,0.772486772,0.507936508,0.862433862,0.798941799
47,6,15,9,0.502645503,0.17989418,0.740740741,0.608465608,0.878306878,0.841269841
48,6,15,12,0.708994709,0.153439153,0.777777778,0.55026455,0.973544974,0.767195767
49,6,15,15,0.830687831,0.174603175,0.899470899,0.55026455,0.952380952,0.814814815
50,9,3,3,0.317460317,0.17989418,0.71957672,0.529100529,0.867724868,0.894179894
51,9,3,6,0.216931217,0.19047619,0.534391534,0.582010582,0.867724868,0.894179894
52,9,3,9,0.465608466,0.121693122,0.735449735,0.502645503,0.867724868,0.862433862
53,9,3,12,0.211640212,0.185185185,0.534391534,0.571428571,0.867724868,0.894179894
54,9,3,15,0.481481481,0.227513228,0.751322751,0.560846561,0.857142857,0.883597884
55,9,6,3,0.518518519,0.17989418,0.793650794,0.608465608,0.878306878,0.841269841
56,9,6,6,0.481481481,0.174603175,0.735449735,0.518518519,0.878306878,0.830687831
57,9,6,9,0.544973545,0.195767196,0.788359788,0.518518519,0.899470899,0.857142857
58,9,6,12,0.502645503,0.158730159,0.756613757,0.555555556,0.920634921,0.783068783
59,9,6,15,0.470899471,0.158730159,0.71957672,0.544973545,0.873015873,0.740740741
60,9,9,3,0.423280423,0.148148148,0.825396825,0.534391534,0.756613757,0.767195767
61,9,9,6,0.613756614,0.211640212,0.80952381,0.582010582,0.894179894,0.756613757
62,9,9,9,0.613756614,0.137566138,0.830687831,0.513227513,0.894179894,0.862433862
63,9,9,12,0.71957672,0.121693122,0.841269841,0.523809524,0.894179894,0.846560847
64,9,9,15,0.645502646,0.174603175,0.777777778,0.587301587,0.947089947,0.835978836
65,9,12,3,0.455026455,0.17989418,0.746031746,0.502645503,0.883597884,0.788359788
66,9,12,6,0.476190476,0.121693122,0.746031746,0.502645503,0.920634921,0.772486772
67,9,12,9,0.650793651,0.153439153,0.783068783,0.53968254,0.904761905,0.830687831
68,9,12,12,0.560846561,0.206349206,0.777777778,0.566137566,0.904761905,0.783068783
69,9,12,15,0.740740741,0.164021164,0.878306878,0.544973545,0.931216931,0.841269841
70,9,15,3,0.492063492,0.185185185,0.767195767,0.544973545,0.867724868,0.894179894
71,9,15,6,0.476190476,0.195767196,0.735449735,0.566137566,0.841269841,0.841269841
72,9,15,9,0.761904762,0.153439153,0.867724868,0.444444444,0.91005291,0.862433862
73,9,15,12,0.851851852,0.185185185,0.904761905,0.582010582,0.968253968,0.825396825
74,9,15,15,0.873015873,0.158730159,0.931216931,0.544973545,0.973544974,0.80952381
75,12,3,3,0.211640212,0.185185185,0.534391534,0.571428571,0.867724868,0.894179894
76,12,3,6,0.513227513,0.153439153,0.756613757,0.513227513,0.899470899,0.73015873
77,12,3,9,0.211640212,0.185185185,0.534391534,0.571428571,0.867724868,0.894179894
78,12,3,12,0.671957672,0.132275132,0.804232804,0.53968254,0.920634921,0.841269841
79,12,3,15,0.518518519,0.137566138,0.73015873,0.518518519,0.873015873,0.835978836
80,12,6,3,0.312169312,0.185185185,0.708994709,0.53968254,0.867724868,0.894179894
81,12,6,6,0.64021164,0.142857143,0.835978836,0.502645503,0.91005291,0.867724868
82,12,6,9,0.624338624,0.19047619,0.798941799,0.571428571,0.894179894,0.841269841
83,12,6,12,0.687830688,0.153439153,0.862433862,0.53968254,0.936507937,0.80952381
84,12,6,15,0.608465608,0.137566138,0.82010582,0.555555556,0.904761905,0.851851852
85,12,9,3,0.396825397,0.169312169,0.751322751,0.55026455,0.867724868,0.873015873
86,12,9,6,0.592592593,0.185185185,0.804232804,0.486772487,0.91005291,0.793650794
87,12,9,9,0.682539683,0.126984127,0.82010582,0.513227513,0.947089947,0.703703704
88,12,9,12,0.714285714,0.174603175,0.841269841,0.555555556,0.931216931,0.878306878
89,12,9,15,0.957671958,0.169312169,0.984126984,0.523809524,0.989417989,0.798941799
90,12,12,3,0.55026455,0.132275132,0.804232804,0.518518519,0.883597884,0.746031746
91,12,12,6,0.603174603,0.195767196,0.772486772,0.523809524,0.91005291,0.814814815
92,12,12,9,0.682539683,0.148148148,0.835978836,0.603174603,0.931216931,0.825396825
93,12,12,12,0.587301587,0.169312169,0.788359788,0.492063492,0.920634921,0.841269841
94,12,12,15,0.851851852,0.211640212,0.931216931,0.529100529,0.973544974,0.772486772
95,12,15,3,0.634920635,0.169312169,0.862433862,0.513227513,0.920634921,0.851851852
96,12,15,6,0.603174603,0.164021164,0.804232804,0.523809524,0.925925926,0.846560847
97,12,15,9,0.989417989,0.132275132,0.989417989,0.566137566,1,0.751322751
98,12,15,12,0.693121693,0.142857143,0.825396825,0.55026455,0.894179894,0.724867725
99,12,15,15,0.650793651,0.126984127,0.830687831,0.492063492,0.894179894,0.814814815
100,15,3,3,0.619047619,0.206349206,0.814814815,0.555555556,0.899470899,0.857142857
101,15,3,6,0.492063492,0.164021164,0.793650794,0.53968254,0.862433862,0.804232804
102,15,3,9,0.492063492,0.116402116,0.746031746,0.555555556,0.904761905,0.841269841
103,15,3,12,0.211640212,0.185185185,0.534391534,0.571428571,0.867724868,0.894179894
104,15,3,15,0.211640212,0.185185185,0.534391534,0.571428571,0.867724868,0.894179894
105,15,6,3,0.44973545,0.148148148,0.804232804,0.518518519,0.867724868,0.894179894
106,15,6,6,0.576719577,0.164021164,0.777777778,0.592592593,0.947089947,0.851851852
107,15,6,9,0.560846561,0.164021164,0.783068783,0.529100529,0.862433862,0.777777778
108,15,6,12,0.64021164,0.169312169,0.830687831,0.53968254,0.873015873,0.851851852
109,15,6,15,0.476190476,0.206349206,0.761904762,0.582010582,0.888888889,0.825396825
110,15,9,3,0.470899471,0.148148148,0.783068783,0.481481481,0.883597884,0.862433862
111,15,9,6,0.486772487,0.169312169,0.751322751,0.497354497,0.894179894,0.825396825
112,15,9,9,0.73015873,0.169312169,0.841269841,0.513227513,0.931216931,0.857142857
113,15,9,12,0.873015873,0.142857143,0.899470899,0.555555556,0.984126984,0.761904762
114,15,9,15,0.841269841,0.137566138,0.91005291,0.476190476,0.957671958,0.825396825
115,15,12,3,0.37037037,0.174603175,0.761904762,0.544973545,0.867724868,0.894179894
116,15,12,6,0.619047619,0.148148148,0.878306878,0.455026455,0.920634921,0.888888889
117,15,12,9,0.894179894,0.121693122,0.968253968,0.455026455,0.941798942,0.825396825
118,15,12,12,0.947089947,0.116402116,0.968253968,0.476190476,0.984126984,0.867724868
119,15,12,15,1,0.164021164,1,0.518518519,1,0.873015873
120,15,15,3,0.46031746,0.121693122,0.788359788,0.476190476,0.873015873,0.841269841
121,15,15,6,0.682539683,0.137566138,0.851851852,0.523809524,0.91005291,0.841269841
122,15,15,9,0.841269841,0.158730159,0.904761905,0.497354497,0.947089947,0.767195767
123,15,15,12,0.984126984,0.17989418,0.984126984,0.608465608,0.984126984,0.693121693
124,15,15,15,0.978835979,0.126984127,0.984126984,0.534391534,1,0.677248677
